param1: 0.08704
param: 0.0917524
